4844db36-d0d5-35f9-a323-73b31cec8ba1:
  nueva:
    world: world
    x: 2.9999967454692464E7
    y: 143.0
    z: 2.999994391186989E7
    yaw: 154.12408
    pitch: 9.599974
6a6c9b7d-cc3e-3456-82eb-571e71811599:
  base:
    world: world_the_end
    x: 99979.48086545139
    y: 61.0
    z: 2992813.1499295766
    yaw: -33.17462
    pitch: 11.68739
